number of objects(excl. sun):
2
length 365,25 d
print step 1 d
number pf Lie-terms: 12
Log-EPS: -11
minimal step: 1E-11
time  a  e  i  som  Lom  M
0 1 2,22044604925031E-16 0,001 0 0 0  
0 2 0,0999999999999999 0 0 0 0  
0,0027378507871321 1,00000000029561 1,71932904485769E-5 0,001 0 270,493050126846 90,4910799919576  
0,0027378507871321 2,0000009688531 0,100000326259688 3,69758878121975E-10 0,2853513460031 359,736316992502 0,330824898503616  
0,0054757015742642 1,00000000118235 3,43852975339599E-5 0,001 6,95161284514188E-16 270,986099960019 90,982160277444  
0,0054757015742642 2,00000387287927 0,100001304075323 1,47800177611666E-9 0,570622009912449 359,472705367529 0,661655809877159  
0,0082135523613963 1,00000000265995 5,15747379977278E-5 0,001 1,39032256902838E-15 271,479149210769 91,4732411450622  
0,0082135523613963 2,0000087044969 0,100002930563584 3,32163486131556E-9 0,855731485136744 359,209236361499 0,992498730086074  
0,0109514031485284 1,00000000472798 6,87603287912992E-5 0,001 2,78064513805675E-15 271,972197586516 91,9643228872485  
0,0109514031485284 2,00001545112918 0,100005200942039 5,89552623239399E-9 1,14059961489096 358,945980919566 1,3233596214216  
0,0136892539356605 1,00000000738582 8,59407871804641E-5 0,001 2,08548385354256E-15 272,465244796273 92,4554057948445  
0,0136892539356605 2,00002409529194 0,100008108563468 9,19254229544449E-9 1,42514676411962 358,683009552343 1,65424439599816  
0,0164271047227926 1,00000001063267 0,000103114830850461 0,001 2,08548385354256E-15 272,958290548657 92,9464901590893  
0,0164271047227926 2,00003461471509 0,100011644963254 1,32035979914681E-8 1,70929398788901 358,420392195418 1,98515889964659  
0,0191649555099247 1,00000001446756 0,000120281178010451 0,001 2,78064513805675E-15 273,451334553671 93,4375762698335  
0,0191649555099247 2,00004698249579 0,100015799919189 1,79177201951723E-8 1,99296319514667 358,158198072544 2,31610889632541  
0,0219028062970568 1,00000001888935 0,000137438547498343 0,001 4,17096770708513E-15 273,9443765208 93,9286644174497  
0,0219028062970568 2,00006116728153 0,100020561522902 2,33221234369098E-8 2,27607730680498 357,896495563325 2,64710005316496  
0,0246406570841889 1,00000002389673 0,000154585658885158 0,001 4,17096770708513E-15 274,437416161017 94,4197548908198  
0,0246406570841889 2,00007713348055 0,100025916261953 2,94022969500554E-8 2,55856040718262 357,635352076174 2,9781379262491  
0,027378507871321 1,00000002948818 0,000171721232579522 0,001 6,95161284514188E-15 274,930453185967 94,9108479781557  
0,027378507871321 2,00009484149705 0,10003184911154 3,61421019179313E-8 2,840337887922 357,374833927253 3,30922794722942  
0,0301163586584531 1,00000003566205 0,000188843989932267 0,001 5,5612902761135E-15 275,423487307442 95,4019439675222  
0,0301163586584531 2,00011424798802 0,100038343634629 4,35238776896922E-8 3,1213365835947 357,115006226041 3,64037541085404  
0,0328542094455852 1,0000000424165 0,000205952653340298 0,001 1,1122580552227E-14 275,916518238555 95,8930431456629  
0,0328542094455852 2,00013530613881 0,100045382089289 5,15285556548786E-8 3,40148489831011 356,855932768068 3,97158546348093  
0,0355920602327173 1,0000000497495 0,000223045946350776 0,001 2,78064513805675E-15 276,409545693183 96,3841457985586  
0,0355920602327173 2,00015796595394 0,100052945541929 6,01357794123161E-8 3,68071292275024 356,597675935322 4,30286309263218  
0,0383299110198494 1,00000005765886 0,00024012259376497 0,001 360 276,902569386635 96,8752522107598  
0,0383299110198494 2,00018217455988 0,100061013985113 6,93240298407118E-8 3,95895254116368 356,340296604695 4,63421311763209  
0,0410677618069815 1,00000006614224 0,000257181321742309 0,001 360 277,395589034625 97,3663626664093  
0,0410677618069815 2,00020787651644 0,10006956645864 7,90707536749662E-8 4,23613752796522 356,083854064795 4,96564018135881  
0,0438056125941136 1,00000007519708 0,000274220857903266 0,001 360 277,88860435484 97,8574774476816  
0,0438056125941136 2,0002350141335 0,100078581172583 8,93524942126132E-8 4,51220363369873 355,828405941333 5,29714874312481  
0,0465434633812457 1,0000000848207 0,000291239931433254 0,001 360 278,381615065781 98,348596835933  
0,0465434633812457 2,00026352778976 0,100088035631025 1,00145022817076E-7 4,78708866023068 355,57400813122 5,62874307269049  
0,0492813141683778 1,00000009501022 0,000308237273185638 0,001 360 278,874620887428 98,8397211110463  
0,0492813141683778 2,00029335625052 0,100097906755284 1,1142346994627E-7 5,06073252514696 355,320714745437 5,96042724540115  
0,0520191649555099 1,0000001057626 0,000325211615784442 0,001 360 279,367621541326 99,3308505513366  
0,0520191649555099 2,00032443698166 0,10010817100552 1,23162454513974E-7 5,33307731542544 355,068578060636 6,29220513842766  
0,054757015742642 1,00000011707464 0,000342161693726891 0,001 360 279,86061675052 99,8219854336213  
0,054757015742642 2,00035670645699 0,10011880449965 1,35336210484347E-7 5,60406733054992 354,817648479383 6,62408042808083  
0,0574948665297741 1,00000012894294 0,000359086243486562 0,001 360 280,353606239625 100,313126033148  
0,0574948665297741 2,00039010045681 0,10012978312867 1,47918709704196E-7 5,87364911531623 354,567974498873 6,95605658815894  
0,0602327173169062 1,00000014136399 0,000375984003614171 0,001 360 280,8465897351 100,804272623323  
0,0602327173169062 2,00042455435528 0,100141082667521 1,60883780089909E-7 6,14177148265781 354,319602687879 7,28813688928275  
0,0629705681040383 1,00000015433406 0,000392853714840736 0,001 360 281,339566965065 101,295425475889  
0,0629705681040383 2,00046000339497 0,100152678880798 1,74205218403645E-7 6,40838552688584 354,072577671653 7,6203243991623  
0,0657084188911704 1,0000001678493 0,000409694120178159 0,001 360 281,832537659598 101,786584860635  
0,0657084188911704 2,00049638294687 0,100164547622681 1,87856896973462E-7 6,67344462779683 353,826942124444 7,95262198373762  
0,0684462696783025 1,00000018190566 0,00042650396502132 0,001 360 282,325501550512 102,277751045613  
0,0684462696783025 2,00053362875469 0,100176664930609 2,01812863832122E-7 6,93690444614908 353,582736769257 8,28503230912858  
0,0711841204654346 1,00000019649896 0,000443281997247912 0,001 360 282,818458372123 102,768924296376  
0,0711841204654346 2,0005716771623 0,100189007112301 2,16047435866988E-7 7,19872291104818 353,340000384428 8,61755784432816  
0,0739219712525667 1,00000021162485 0,000460026967320001 0,001 360 283,31140786032 103,260104876902  
0,0739219712525667 2,00061046532381 0,100201550825868 2,30535284686715E-7 7,45886019981176 353,098769816605 8,95020086457004  
0,0766598220396988 1,00000022727881 0,000476737628383064 0,001 2,78064513805676E-15 283,804349753606 103,751293048559  
0,0766598220396988 2,00064993139557 0,100214273152823 2,45251515017685E-7 7,71727871090415 352,85907999964 9,28296345530194  
0,0793976728268309 1,00000024345618 0,000493412736367186 0,001 360 284,297283792566 104,242489070631  
0,0793976728268309 2,00069001471008 0,100227151663937 2,60171735542932E-7 7,97394303054422 352,620963978951 9,61584751669463  
0,082135523613963 1,00000026015214 0,000510051050085873 0,001 5,56129027611351E-15 284,790209720013 104,73369320018  
0,082135523613963 2,00073065593168 0,100240164477927 2,75272122187707E-7 8,22881989359469 352,384452940853 9,94885476861943  
0,0848733744010951 1,0000002773617 0,000526651331334858 0,001 5,56129027611351E-15 285,283127281427 105,224905691596  
0,0848733744010951 2,0007717971942 0,100253290313079 2,9052947393801E-7 8,48187813933854 352,149576246389 10,281986756027  
0,0876112251882272 1,00000029507973 0,000543212344990396 0,001 1,1122580552227E-14 285,776036224798 105,716126796765  
0,0876112251882272 2,00081338222107 0,100266508531954 3,05921261351002E-7 8,73308866274007 351,916361469171 10,6152448546631  
0,0903490759753593 1,00000031330097 0,000559732859109724 0,001 2,78064513805676E-14 286,268936300385 106,207356765302  
0,0903490759753593 2,00085535642822 0,100279799179393 3,21425667979067E-7 8,98242436177394 351,684834436764 10,9486302770614  
0,0930869267624914 1,00000033201996 0,00057621164502607 0,001 1,66838708283405E-14 286,761827261419 106,698595843855  
0,0930869267624914 2,0008976670106 0,100293143014092 3,37021624982354E-7 9,22986008138661 351,455019275163 11,2821440787527  
0,0958247775496235 1,00000035123115 0,00059264747744742 0,001 2,78064513805676E-14 287,254708863694 107,189844276507  
0,0958247775496235 2,0009402630129 0,100306521534045 3,52688839248298E-7 9,47537255463231 351,226938455893 11,6157871646397  
0,0985626283367556 1,0000003709288 0,000609039134554011 0,001 1,1122580552227E-14 287,747580865829 107,681102304518  
0,0985626283367556 2,00098309538554 0,100319916996199 3,68407815371189E-7 9,71894034149928 351,000612845338 11,9495602954828  
0,101300479123888 1,00000039110704 0,000625385398093163 0,001 1,66838708283405E-14 288,240443029368 108,172370166226  
0,101300479123888 2,00102611702651 0,100333312430682 3,84159871870989E-7 9,96054376591376 350,77606175587 12,2834640944539  
0,10403832991102 1,00000041175987 0,000641685053477305 0,001 1,1122580552227E-14 288,733295118615 108,66364809721  
0,10403832991102 2,00106928281036 0,100346691649985 3,99927152048781E-7 10,2001648513786 350,553302998398 12,6174990537133  
0,106776180698152 1,00000043288113 0,000657936889877333 0,001 1,66838708283405E-14 289,226136901124 109,154936329797  
0,106776180698152 2,00111254960501 0,100360039253482 4,15692629887374E-7 10,4377872556722 350,332352935987 12,9516655409718  
0,109514031485284 1,00000045446454 0,000674139700319867 0,001 2,22451611044541E-14 289,718968147343 109,646235093428  
0,109514031485284 2,00115587627765 0,100373340627704 4,31440111410239E-7 10,6733962049996 350,113226538203 13,2859638060038  
0,112251882272416 1,00000047650366 0,000690292281780281 0,001 2,78064513805676E-14 290,211788630936 110,137544614325  
0,112251882272416 2,0011992236904 0,100386581942718 4,47154231911002E-7 10,9069784279579 349,895937435873 13,6203939870813  
0,114989733059548 1,00000049899193 0,000706393435276371 0,001 4,44903222089081E-14 290,70459812885 110,628865115427  
0,114989733059548 2,00124255468703 0,100399750145046 4,62820449459923E-7 11,1385220896414 349,680497975985 13,9549561173  
0,11772758384668 1,00000052192266 0,000722441965963962 0,001 3,89290319327946E-14 291,197396421097 111,120196816616  
0,11772758384668 2,00128583407146 0,100412832947465 4,78425035083763E-7 11,3680167261835 349,466919276455 14,2896501307771  
0,120465434633812 1,00000054528903 0,000738436683227589 0,001 3,33677416566811E-14 291,690183291276 111,611539934182  
0,120465434633812 2,00132902857907 0,100425818816068 4,93955060002117E-7 11,5954531800001 349,255211280537 14,6244758686978  
0,123203285420945 1,00000056908407 0,000754376400773699 0,001 3,89290319327946E-14 292,182958526273 112,102894681134  
0,123203285420945 2,00137210684166 0,100438696954937 5,0939838028706E-7 11,8208235359681 349,045382810663 14,9594330851973  
0,125941136208077 1,00000059330072 0,000770259936723368 0,001 3,33677416566811E-14 292,675721916435 112,59426126702  
0,125941136208077 2,00141503934692 0,100451457288742 5,24743619294686E-7 12,0441210587455 348,837441621522 15,2945214530605  
0,128678986995209 1,00000061793175 0,000786086113702002 0,001 2,22451611044541E-14 293,168473255655 113,085639897843  
0,128678986995209 2,00145779839318 0,1004640904436 5,39980148197171E-7 12,2653401314113 348,631394452214 15,629740569233  
0,131416837782341 1,00000064296986 0,000801853758931065 0,001 2,78064513805676E-14 293,661212341465 113,57703077597  
0,131416837782341 2,00150035804027 0,100476587726466 5,55098064923005E-7 12,4844761955779 348,427247077341 15,9650899601312  
0,134154688569473 1,00000066840758 0,000817561704317855 0,001 1,66838708283406E-14 294,153938974962 114,068434100206  
0,134154688569473 2,00154269405701 0,100488941103339 5,70088171791343E-7 12,7015256931051 348,225004356908 16,3005690867468  
0,136892539356605 1,00000069423736 0,000833208786545326 0,001 1,1122580552227E-14 294,646652961085 114,559850065512  
0,136892539356605 2,00158478386612 0,100501143176523 5,84941952104516E-7 12,9164860095222 348,024670284923 16,636177349542  
0,139630390143737 1,00000072045151 0,000848793847161466 0,001 1,1122580552227E-14 295,13935410836 115,051278863269  
0,139630390143737 2,00162660648712 0,100513187161179 5,99651545940837E-7 13,1293554192424 347,826248036625 16,9719140931322  
0,142368240930869 1,00000074704224 0,000864315732665859 0,001 2,22451611044541E-14 295,632042229303 115,542720680865  
0,142368240930869 2,00166814247767 0,100525066861378 6,14209725368295E-7 13,3401330326391 347,629740014249 17,3077786107555  
0,145106091718001 1,00000077400164 0,000879773294598961 0,001 2,78064513805676E-14 296,124717140225 116,034175701897  
0,145106091718001 2,00170937387391 0,100536776645825 6,2860986927876E-7 13,5488187450307 347,435147891289 17,6437701485307  
0,147843942505133 1,00000080132171 0,00089516538962924 0,001 2,22451611044541E-14 296,617378661392 116,52564410601  
0,147843942505133 2,00175028413023 0,100548311423452 6,4284593802206E-7 13,7554131876101 347,242472655208 17,979887909504  
0,150581793292266 1,00000082899432 0,000910490879638243 0,001 2,78064513805676E-14 297,11002661706 117,01712606886  
0,150581793292266 2,00179085805878 0,100559666618999 6,56912447999952E-7 13,9599176803367 347,051714648572 18,3161310574901  
0,153319644079398 1,00000085701126 0,000925748631807446 0,001 2,22451611044541E-14 297,602660835543 117,508621762046  
0,153319644079398 2,00183108176927 0,10057083814874 6,70804446361639E-7 14,1623341867998 346,862873608578 18,6524987207075  
0,15605749486653 1,00000088536419 0,000940937518703803 0,001 1,1122580552227E-14 298,095281149166 118,000131353159  
0,15605749486653 2,00187094260905 0,10058182239646 6,84517485925213E-7 14,3626652710488 346,67594870498 18,9889899952173  
0,158795345653662 1,00000091404471 0,000956056418362672 0,001 0 298,58788739446 118,491655005587  
0,158795345653662 2,00191042910405 0,10059261618978 6,98047600433224E-7 14,5609140563762 346,490938576412 19,3256039481677  
0,161533196440794 1,00000094304428 0,000971104214372695 0,001 5,56129027611351E-15 299,080479412136 118,983192878539  
0,161533196440794 2,0019495309006 0,100603216776922 7,1139128023553E-7 14,7570841860311 346,307841365105 19,662339620851  
0,164271047227926 1,00000097235431 0,000986079795959546 0,000999999999999999 2,22451611044541E-14 299,573057047112 119,474745127017  
0,164271047227926 2,00198823870845 0,100613621803991 7,24545448478742E-7 14,9511797858342 346,126654750027 19,999196031579  
0,167008898015058 1,00000100196608 0,00100098205806716 0,001 8,34193541417027E-15 300,065620148632 119,966311901705  
0,167008898015058 2,00202654424505 0,100623829292828 7,37507437868768E-7 15,1432054286573 345,947375978469 20,3361721783833  
0,16974674880219 1,00000103187082 0,00101580990144025 0,001 1,39032256902838E-14 300,558168570195 120,457893349026  
0,16974674880219 2,00206444018128 0,100633837619482 7,5027496806138E-7 15,3331661007266 345,770001896083 20,6732670415489  
0,172484599589322 1,00000106205964 0,00103056223270454 0,000999999999999999 1,39032256902838E-14 301,05070216966 120,949489611053  
0,172484599589322 2,00210192008884 0,100643645493359 7,62846123725094E-7 15,5210671697032 345,594528975435 21,0104795859842  
0,175222450376454 1,00000109252359 0,00104523796444826 0,000999999999999999 1,39032256902838E-14 301,54322080938 121,441100825363  
0,175222450376454 2,00213897838912 0,100653251937052 7,75219333311155E-7 15,706914354492 345,42095334308 21,3478087634383  
0,177960301163587 1,00000112325364 0,00105983601530102 0,000999999999999999 1,39032256902838E-14 302,035724356079 121,932727125164  
0,177960301163587 2,00217561030398 0,100662656266903 7,87393348556832E-7 15,8907136967263 345,249270805212 21,6852535145705  
0,180698151950719 1,00000115424066 0,00107435531001371 0,000999999999999999 2,22451611044541E-14 302,528212680971 122,424368639177  
0,180698151950719 2,00221181180811 0,100671858074287 7,9936722474055E-7 16,0724715338737 345,079476871929 22,0228127708786  
0,183436002737851 1,00000118547548 0,00108879477953555 0,000999999999999999 2,22451611044541E-14 303,020685659815 122,916025491582  
0,183436002737851 2,00224757958335 0,100680857207653 8,11140301700666E-7 16,2521944739059 344,911566780154 22,3604854564942  
0,186173853524983 1,00000121694882 0,00110315336109262 0,000999999999999999 3,05870965186243E-14 303,513143172895 123,407697802034  
0,186173853524983 2,0022829109747 0,100689653755303 8,22712185623632E-7 16,4298893714775 344,745535515249 22,6982704898509  
0,188911704312115 1,00000124865136 0,00111742999826461 0,000999999999999999 1,94645159663973E-14 304,00558510511 123,899385685576  
0,188911704312115 2,00231780394826 0,100698248028925 8,34082731602111E-7 16,6055633055529 344,581377831382 23,036166785232  
0,191649555099247 1,0000012805737 0,00113162364106025 0,001 1,39032256902838E-14 304,498011345983 124,391089252628  
0,191649555099247 2,00235225705087 0,100706640547866 8,45252026959049E-7 16,7792235584257 344,419088270682 23,3741732542035  
0,194387405886379 1,00000131270639 0,00114573324599343 0,001 1,94645159663973E-14 304,990421789671 124,882808608981  
0,194387405886379 2,00238626937166 0,100714832024134 8,56220375329743E-7 16,9508775960704 344,258661181232 23,7122888069418  
0,197125256673511 1,00000134503991 0,00115975777615732 0,001 8,34193541417026E-15 305,482816335035 125,374543855722  
0,197125256673511 2,00241984050531 0,100722823348135 8,66988281490666E-7 17,1205330497705 344,100090733943 24,0505123534558  
0,199863107460643 1,00000137756467 0,00117369620129883 0,001 8,34193541417026E-15 305,975194885634 125,866295089245  
0,199863107460643 2,00245297051708 0,100730615575097 8,77556436920916E-7 17,2881976989645 343,943370938364 24,3888428047174  
0,202600958247775 1,00000141027105 0,00118754749789079 0,001 5,56129027611351E-15 306,467557349791 126,358062401178  
0,202600958247775 2,00248565990949 0,1007382099122 8,87925706079845E-7 17,4538794552559 343,788495657463 24,727279073698  
0,205338809034908 1,00000144314936 0,00120131064920605 0,001 1,1122580552227E-14 306,959903640565 126,849845878419  
0,205338809034908 2,00251790959078 0,100745607706372 8,98097113382472E-7 17,6175863475295 343,635458621434 25,0658200763231  
0,20807665982204 1,00000147618987 0,00121498464538689 0,001 1,66838708283405E-14 307,45223367585 127,341645603033  
0,20807665982204 2,00254972084488 0,100752810432734 9,08071830852728E-7 17,7793265081234 343,484253440563 25,4044647323447  
0,210814510609172 1,0000015093828 0,00122856848351808 0,001 2,2245161104454E-14 307,944547378334 127,833461652292  
0,210814510609172 2,002581095303 0,100759819683682 9,17851166433369E-7 17,9391081600027 343,334873617212 25,743211966141  
0,213552361396304 1,00000154271832 0,00124206116769591 0,001 2,50258062425108E-14 308,436844675516 128,325294098661  
0,213552361396304 2,00261203491674 0,100766637158569 9,27436552930489E-7 18,0969396048843 343,187312556944 26,0820607074449  
0,216290212183436 1,00000157618659 0,00125546170909744 0,000999999999999999 2,78064513805675E-14 308,929125499796 128,817143009705  
0,216290212183436 2,00264254193262 0,100773264653981 9,36829537569869E-7 18,2528292122647 343,041563578852 26,4210098920065  
0,219028062970568 1,00000160977769 0,00126876912604997 0,001 2,78064513805675E-14 309,421389788426 129,309008448139  
0,219028062970568 2,00267261886812 0,100779704054575 9,46031772142041E-7 18,406785409303 342,897619925116 26,7600584621952  
0,2217659137577 1,00000164348169 0,00128198244409817 0,001 2,50258062425108E-14 309,913637483558 129,800890471782  
0,2217659137577 2,00270226848898 0,100785957324452 9,5504500371265E-7 18,5588166715123 342,755474769826 27,0992053675442  
0,224503764544832 1,00000167728863 0,00129510069607172 0,001 2,78064513805675E-14 310,405868532248 130,292789133552  
0,224503764544832 2,00273149378782 0,100792026499057 9,63871065874721E-7 18,7089315142176 342,615121227129 27,4384495652409  
0,227241615331964 1,00000171118851 0,00130812292215094 0,001 2,91967739495959E-14 310,8980828865 130,784704481419  
0,227241615331964 2,00276029796407 0,100797913677565 9,72511870519485E-7 18,8571384847357 342,476552358707 27,7777900205681  
0,229979466119097 1,00000174517131 0,00132104816993344 0,001 2,78064513805675E-14 311,390280503221 131,276636558455  
0,229979466119097 2,00278868440503 0,100803621015746 9,80969400102694E-7 19,0034461552385 342,339761180648 28,1172257072984  
0,232717316906229 1,000001779227 0,00133387549449816 0,001 2,50258062425108E-14 311,882461344285 131,768585402764  
0,232717316906229 2,00281665666805 0,100809150719278 9,89245700383657E-7 19,1478631162585 342,204740669722 28,4567556080452  
0,235455167693361 1,00000181334551 0,00134660395846936 0,001 2,71112900960533E-14 312,374625376528 132,260551047496  
0,235455167693361 2,0028442184639 0,100814505037486 9,97342873614698E-7 19,2903979708025 342,071483769111 28,7963787145743  
0,238193018480493 1,00000184751676 0,00135923263208099 0,001 2,78064513805675E-14 312,866772571726 132,752533520857  
0,238193018480493 2,00287137364107 0,100819686257496 1,00526307215921E-6 19,4310593290342 341,939983393611 29,1360940280765  
0,240930869267625 1,00000188173067 0,00137176059323728 0,001 2,64161288115391E-14 313,358902906674 133,244532846042  
0,240930869267625 2,00289812617107 0,100824696698766 1,01300849251704E-6 19,5698558034955 341,81023243435 29,4759005594078  
0,243668720054757 1,00000191597712 0,00138418692757686 0,001 2,71112900960533E-14 313,851016363091 133,73654904132  
0,243668720054757 2,00292448013474 0,100829538707993 1,02058136973664E-6 19,7067960048309 341,682223763027 29,8157973292959  
0,246406570841889 1,00000195024602 0,00139651072853136 0,001 2,69374997749248E-14 314,34311292773 134,228582119933  
0,246406570841889 2,00295043970934 0,100834214654364 1,02798397219391E-6 19,8418885379874 341,555950235734 30,1557833685168  
0,249144421629021 1,00000198452724 0,00140873109738736 0,001 2,68940521946427E-14 314,835192592298 134,720632090166  
0,249144421629021 2,00297600915658 0,100838726925134 1,0352185967185E-6 19,9751419988573 341,431404696346 30,4958577180455  
0,251882272416153 1,00000201881068 0,00142084714334484 0,001 2,71981852566176E-14 315,32725535351 135,212698955306  
0,251882272416153 2,00300119281136 0,100843077921519 1,04228756404892E-6 20,1065649713392 341,308579979539 30,8360194291795  
0,254620123203285 1,00000205308621 0,00143285798357516 0,001 2,67637094537962E-14 315,819301213102 135,704782713614  
0,254620123203285 2,00302599507134 0,100847270054883 1,04919321459859E-6 20,2361660247885 341,18746891344 31,17626756364  
0,257357973990418 1,00000208734374 0,00144476274328297 0,001 2,5720967527025E-14 316,311330177681 136,196883358485  
0,257357973990418 2,00305042038715 0,100851305743197 1,05593790451568E-6 20,3639537118334 341,068064321934 31,5166011936516  
0,26009582477755 1,00000212157315 0,00145656055575747 0,001 2,85016126650817E-14 316,803342258945 136,689000878228  
0,26009582477755 2,00307447325335 0,100855187407766 1,06252400202017E-6 20,4899365665331 340,950359026656 31,8570194020008  
0,262833675564682 1,00000215576436 0,00146825056243315 0,001 2,71112900960533E-14 317,295337473518 137,181135256227  
0,262833675564682 2,00309815819997 0,1008589174702 1,06895388400252E-6 20,6141231028539 340,834345848678 32,197521282078  
0,265571526351814 1,00000218990728 0,00147983191294241 0,001 2,71112900960533E-14 317,787315843033 137,673286470858  
0,265571526351814 2,00312147978467 0,100862498349617 1,07522993286876E-6 20,7365218134436 340,72001760992 32,5381059379017  
0,268309377138946 1,00000222399186 0,00149130376517328 0,001 2,78064513805675E-14 318,279277394049 138,165454495573  
0,268309377138946 2,00314444258546 0,100865932460062 1,08135453361775E-6 20,8571411686839 340,6073671343 32,8787724841271  
0,271047227926078 1,00000225800806 0,00150266528532129 0,001 2,78064513805675E-14 318,771222158091 138,657639298865  
0,271047227926078 2,00316705119394 0,100869222208135 1,08733007113689E-6 20,9759896159999 340,496387248634 33,2195200460415  
0,27378507871321 1,00000229194584 0,00151391564794366 0,001 2,78064513805675E-14 319,26315017164 139,14984084427  
0,27378507871321 2,00318931020909 0,100872369990811 1,09315892770323E-6 21,0930755794116 340,387070783313 33,5603477595459  
0,276522929500342 1,00000232579522 0,00152505403601128 0,001 2,78064513805675E-14 319,755061476097 139,642059090405  
0,276522929500342 2,00321122423149 0,100875378193439 1,09884348067765E-6 21,208407459307 340,279410572761 33,9012547711261  
0,279260780287474 1,00000235954623 0,00153607964096132 0,001 2,50258062425108E-14 320,24695611778 140,134293990976  
0,279260780287474 2,00323279785795 0,100878249187911 1,1043861003803E-6 21,3219936324241 340,173399455705 34,2422402378122  
0,281998631074606 1,00000239318893 0,00154699166274698 0,001 2,78064513805675E-14 320,738834147925 140,626545494773  
0,281998631074606 2,00325403567667 0,100880985330989 1,10978914813628E-6 21,4338424520233 340,069030275247 34,5833033271281  
0,284736481861739 1,00000242671342 0,00155778930988967 0,001 2,50258062425108E-14 321,230695622631 141,118813545721  
0,284736481861739 2,00327494226263 0,100883588962786 1,11505497448079E-6 21,5439622482388 339,966295878777 34,9244432170334  
0,287474332648871 1,00000246010983 0,00156847179952623 0,001 2,50258062425108E-14 321,72254060289 141,611098082862  
0,287474332648871 2,00329552217354 0,100886062405381 1,12018591751391E-6 21,6523613285933 339,865189117722 35,2656590958568  
0,290212183436003 1,00000249336835 0,00157903835745876 0,001 3,05870965186243E-14 322,214369154548 142,103399040378  
0,290212183436003 2,00331577994591 0,100888407961566 1,12518430139545E-6 21,7590479786641 339,765702847146 35,6069501622221  
0,292950034223135 1,00000252647918 0,00158948821820346 0,001 3,05870965186243E-14 322,706181348251 142,595716347662  
0,292950034223135 2,00333572009168 0,100890627913713 1,130052434971E-6 21,8640304628887 339,667829925219 35,9483156249681  
0,295687885010267 1,00000255943258 0,00159982062503725 0,001 3,61483867947378E-14 323,197977259468 143,088049929279  
0,295687885010267 2,00335534709493 0,100892724522758 1,13479261052061E-6 21,9673170254984 339,571563212555 36,2897547030633  
0,298425735797399 1,00000259221887 0,00161003483004245 0,001 4,17096770708513E-14 323,689756968455 143,580399705013  
0,298425735797399 2,00337466540905 0,100894700027292 1,13940710262218E-6 22,0689158915686 339,476895571444 36,6312666255141  
0,301163586584531 1,00000262482841 0,00162013009415497 0,001 4,17096770708513E-14 324,181520560251 144,072765589868  
0,301163586584531 2,00339367945406 0,100896556642746 1,14389816712209E-6 22,1688352681768 339,383819864968 36,9728506312701  
0,303901437371663 1,00000265725161 0,00163010568720911 0,001 4,44903222089081E-14 324,673268124584 144,565147494159  
0,303901437371663 2,00341239361422 0,100898296560669 1,14826804020575E-6 22,267083345658 339,292328956023 37,3145059691244  
0,306639288158795 1,00000268947894 0,00163996088798078 0,001 5,28322576230783E-14 325,164999755903 145,057545323485  
0,306639288158795 2,00343081223588 0,100899921948099 1,15251893756168E-6 22,3636682989489 339,202415706257 37,6562318976111  
0,309377138945927 1,00000272150094 0,00164969498423125 0,001 5,56129027611351E-14 325,656715553353 145,549958978749  
0,309377138945927 2,00344893962554 0,100901434947006 1,15665305363253E-6 22,4585982890121 339,11407297492 37,9980276848986  
0,31211498973306 1,0000027533082 0,00165930727275024 0,001 5,83935478991918E-14 326,148415620714 146,042388356223  
0,31211498973306 2,00346678004807 0,100902837673811 1,16067256094729E-6 22,5518814643328 339,027293617648 38,3398926086823  
0,314852840520192 1,00000278489138 0,00166879705939878 0,001 7,22967735894756E-14 326,640100066368 146,534833347579  
0,314852840520192 2,00348433772519 0,100904132218978 1,164579609529E-6 22,6435259624808 338,942070485175 38,6818259560731  
0,317590691307324 1,00000281624119 0,00167816365914859 0,001 6,95161284514188E-14 327,131769003311 147,027293839875  
0,317590691307324 2,00350161683405 0,100905320646665 1,16837632637282E-6 22,7335399117292 338,858396421987 39,0238270234849  
0,320328542094456 1,00000284734845 0,00168740639612511 0,001 7,50774187275324E-14 327,623422549041 147,519769715674  
0,320328542094456 2,00351862150604 0,100906404994439 1,1720648149894E-6 22,8219314327253 338,776264264924 39,3658951165212  
0,323066392881588 1,00000287820401 0,00169652460364533 0,001 8,06387090036459E-14 328,115060825619 148,012260852973  
0,323066392881588 2,0035353558257 0,10090738727304 1,17564715500899E-6 22,9087086402066 338,695666841734 39,7080295498594  
0,32580424366872 1,00000290879882 0,00170551762425842 0,001 9,73225798319864E-14 328,606683959543 148,504767125339  
0,32580424366872 2,00355182382979 0,100908269466204 1,17912540184195E-6 22,9938796447543 338,616596969587 40,0502296471347  
0,328542094455852 1,00000293912391 0,00171438480978328 0,001 8,89806444178161E-14 329,09829208178 148,997288401867  
0,328542094455852 2,00356802950652 0,100909053530528 1,18250158639153E-6 23,0774525545826 338,539047453546 40,3924947408239  
0,331279945242984 1,00000296917037 0,00172312552134776 0,001 9,73225798319864E-14 329,589885327669 149,48982454729  
0,331279945242984 2,00358397679482 0,100909741395376 1,18577771481512E-6 23,1594354773545 338,463011085016 40,7348241721275  
0,334017796030116 1,0000029989294 0,00173173912942428 0,001 9,73225798319864E-14 330,081463836915 149,982375421968  
0,334017796030116 2,00359966958382 0,100910334962833 1,18895576833038E-6 23,2398365220216 338,388480640159 41,0772172908528  
0,336755646817248 1,00000302839226 0,0017402250138666 0,001 8,89806444178161E-14 330,573027753552 150,474940881941  
0,336755646817248 2,0036151117124 0,100910836107691 1,19203770306287E-6 23,3186638006834 338,31544887829 41,4196734552953  
0,339493497604381 1,00000305755033 0,00174858256394581 0,001 8,89806444178162E-14 331,064577225858 150,967520779004  
0,339493497604381 2,00363030696874 0,100911246677463 1,195025449932E-6 23,3959254304599 338,243908540257 41,7621920321238  
0,342231348391513 1,00000308639504 0,00175681117838568 0,001 9,45419346939297E-14 331,556112406367 151,460114960699  
0,342231348391513 2,00364525909018 0,100911568492447 1,19792091457244E-6 23,4716295353754 338,173852346799 42,1047723962604  
0,344969199178645 1,00000311491794 0,00176491026539622 0,001 1,00103224970043E-13 332,04763345179 151,952723270394  
0,344969199178645 2,00365997176289 0,100911803345796 1,20072597728816E-6 23,545784248248 338,105272996904 42,4474139307664  
0,347707049965777 1,00000314311068 0,00177287924270804 0,001 1,00103224970043E-13 332,539140522967 152,445345547328  
0,347707049965777 2,00367444862188 0,10091195300363 1,20344249303645E-6 23,6183977125832 338,038163166155 42,7901160267248  
0,350444900752909 1,000003170965 0,00178071753760514 0,001 8,89806444178162E-14 333,030633784828 152,937981626654  
0,350444900752909 2,00368869325085 0,100912019205165 1,20607229143969E-6 23,6894780844652 337,97251550507 43,1328780831269  
0,353182751540041 1,00000319847273 0,001788424586956 0,001 1,1122580552227E-13 333,522113406343 153,430631339484  
0,353182751540041 2,00370270918226 0,100912003662867 1,20861717682237E-6 23,7590335344459 337,908322637449 43,4756995067558  
0,355920602327173 1,00000322562581 0,00179599983724785 0,001 1,05664515246157E-13 334,013579560471 153,923294512949  
0,355920602327173 2,00371649989744 0,100911908062625 1,2110789282715E-6 23,8270722494258 337,845577158717 43,8185797120744  
0,358658453114305 1,0000032524163 0,00180344274461458 0,001 1,1122580552227E-13 334,505032424116 154,41597097023  
0,358658453114305 2,00373006882663 0,10091173406394 1,21345929971824E-6 23,8936024345261 337,784271634279 44,1615181211129  
0,361396303901437 1,00000327883635 0,00181075277486998 0,001 1,00103224970043E-13 334,996472178041 154,908660530657  
0,361396303901437 2,00374341934927 0,100911483300136 1,21576002003898E-6 23,9586323149475 337,724398597876 44,5045141633569  
0,364134154688569 1,00000330487823 0,001817929403535 0,001 1,05664515246157E-13 335,487899006881 155,401363009684  
0,364134154688569 2,00375655479415 0,100911157378578 1,21798279317419E-6 24,0221701378141 337,665950549962 44,8475672756377  
0,366872005475702 1,00000333053431 0,00182497211586878 0,001 9,45419346939297E-14 335,979313098984 155,89407821906  
0,366872005475702 2,00376947843973 0,100910757880909 1,22012929826338E-6 24,0842241740004 337,608919956084 45,190676902023  
0,369609856262834 1,00000335579708 0,00183188040689455 0,001 9,45419346939297E-14 336,47071464649 156,38680596674  
0,369609856262834 2,00378219351441 0,100910286363301 1,22220118979474E-6 24,1448027199375 337,553299245285 45,53384249371  
0,372347707049966 1,00000338065915 0,00183865378143045 0,001 1,05664515246157E-13 336,962103845175 156,879546057045  
0,372347707049966 2,00379470319692 0,100909744356707 1,22420009776798E-6 24,2039140993979 337,499080808522 45,8770635089182  
0,375085557837098 1,00000340511325 0,001845291754113 0,001 1,00103224970043E-13 337,453480894407 157,372298290707  
0,375085557837098 2,00380701061665 0,100909133367134 1,22612762786918E-6 24,2615666652562 337,446256997105 46,220339412785  
0,37782340862423 1,00000342915221 0,00185179384942695 0,001 1,16787095798384E-13 337,9448459971 157,865062464914  
0,37782340862423 2,00381911885407 0,100908454875917 1,22798536165632E-6 24,317768801224 337,394820121159 46,5636696772621  
0,380561259411362 1,00000345276902 0,00185815960172892 0,001 1,33470966626724E-13 338,436199359693 158,35783837333  
0,380561259411362 2,00383103094119 0,100907710340001 1,22977485675456E-6 24,3725289235562 337,344762448106 46,9070537810131  
0,383299110198494 1,00000347595676 0,00186438855527424 0,001 1,27909676350611E-13 338,927541192001 158,850625806245  
0,383299110198494 2,00384274986196 0,100906901192235 1,23149764705999E-6 24,425855482729 337,296076201176 47,2504912093129  
0,386036960985626 1,00000349870865 0,00187048026423865 0,001 1,16787095798384E-13 339,418871707233 159,343424550556  
0,386036960985626 2,00385427855279 0,100906028841665 1,23315524295106E-6 24,4777569650854 337,248753557949 47,5939814539485  
0,388774811772758 1,00000352101805 0,00187643429274568 0,001 1,16787095798384E-13 339,910191121903 159,836234389858  
0,388774811772758 2,003865619903 0,100905094673831 1,23474913150678E-6 24,5282418944493 337,202786648913 47,9375240131221  
0,39151266255989 1,00000354287842 0,00188225021488672 0,001 1,05664515246157E-13 340,401499655754 160,329055104518  
0,39151266255989 2,00387677675536 0,100904100051079 1,23628077673068E-6 24,5773188337038 337,15816755607 48,2811183913536  
0,394250513347023 1,00000356428338 0,0018879276147472 0,001 1,22348386074497E-13 340,892797531695 160,82188647174  
0,394250513347023 2,00388775190659 0,100903046312858 1,23775161978009E-6 24,6249963863355 337,11488831156 48,6247640993869  
0,396988364134155 1,00000358522667 0,001893466086426 0,001 1,22348386074497E-13 341,384084975753 161,314728265606  
0,396988364134155 2,00389854810792 0,100901934776042 1,2391630791996E-6 24,6712831979408 337,072940896324 48,9684606540964  
0,399726214921287 1,00000360570217 0,00189886523405741 0,001 1,16787095798384E-13 341,875362216991 161,807580257172  
0,399726214921287 2,0039091680656 0,100900766735229 1,24051655115847E-6 24,7161879576941 337,032317238802 49,3122075783953  
0,402464065708419 1,00000362570391 0,00190412467183318 0,001 1,16787095798384E-13 342,366629487452 162,300442214509  
0,402464065708419 2,00391961444149 0,100899543463067 1,24181340969103E-6 24,7597193997774 336,993009213665 49,6560044011448  
0,405201916495551 1,00000364522603 0,00190924402402157 0,001 1,16787095798384E-13 342,857887022075 162,793313902796  
0,405201916495551 2,00392988985359 0,100898266210559 1,24305500693971E-6 24,8018863047684 336,955008640585 49,9998506570676  
0,407939767282683 1,00000366426283 0,00191422292498757 0,001 1,16787095798384E-13 343,349135058646 163,286195084367  
0,407939767282683 2,00393999687662 0,100896936207382 1,24424267340012E-6 24,8426975009876 336,918307283042 50,3437458866584  
0,410677618069815 1,00000368280875 0,00191906101921243 0,001 1,05664515246157E-13 343,840373837718 163,779085518788  
0,410677618069815 2,00394993804262 0,100895554662201 1,24537771816765E-6 24,882161865803 336,882896847175 50,6876896360991  
0,413415468856947 1,00000370085839 0,00192375796131082 0,001 1,05664515246157E-13 344,331603602533 164,271984962941  
0,413415468856947 2,00395971584147 0,100894122762985 1,24646142918527E-6 24,9202883268905 336,848768980664 51,0316814571756  
0,416153319644079 1,00000371840645 0,00192831341604983 0,001 1,00103224970043E-13 344,822824598974 164,764893171064  
0,416153319644079 2,00396933272154 0,100892641677318 1,24749507349197E-6 24,957085863451 336,81591527166 51,3757209071947  
0,418891170431212 1,00000373544783 0,00193272705836721 0,001 1,028838701081E-13 345,314037075465 165,257809894859  
0,418891170431212 2,00397879109019 0,100891112552713 1,24847989747157E-6 24,992563507381 336,784327247761 51,7198075489017  
0,421629021218344 1,00000375197755 0,00193699857338592 0,001 1,05664515246157E-13 345,805241282909 165,750734883549  
0,421629021218344 2,00398809331445 0,100889536516927 1,24941712710158E-6 25,0267303443982 336,753996375017 52,0639409504026  
0,424366872005476 1,00000376799077 0,00194112765643242 0,001 1,05664515246157E-13 346,296437474623 166,243667883943  
0,424366872005476 2,00399724172151 0,100887914678265 1,25030796820163E-6 25,0595955151199 336,724914056994 52,4081206850846  
0,427104722792608 1,00000378348283 0,00194511401305118 0,001 1,16787095798384E-13 346,787625906259 166,736608640519  
0,427104722792608 2,00400623859936 0,100886248125892 1,25115360668146E-6 25,0911682160934 336,697071633873 52,7523463315401  
0,42984257357974 1,00000379844921 0,00194895735901996 0,001 1,14006450660327E-13 347,278806835723 167,229556895497  
0,42984257357974 2,00401508619736 0,100884537930138 1,25195520878788E-6 25,1214577007788 336,6704603816 53,0966174734902  
0,432580424366872 1,00000381288553 0,00195265742036468 0,001 1,22348386074497E-13 347,76998052311 167,722512388917  
0,432580424366872 2,00402378672681 0,100882785142801 1,25271392135077E-6 25,1504732804827 336,645071511074 53,4409336997119  
0,435318275154004 1,00000382678759 0,00195621393337324 0,001 1,16787095798384E-13 348,26114723062 168,215474858706  
0,435318275154004 2,00403234236155 0,100880990797449 1,25343087202771E-6 25,1782243252428 336,620896167392 53,7852946039644  
0,438056125941136 1,00000384015133 0,0019596266446087 0,001 1,1956774093644E-13 348,752307222474 168,70844404078  
0,438056125941136 2,0040407552385 0,100879155909718 1,25410716954709E-6 25,2047202646616 336,597925429134 54,1296997849193  
0,440793976728268 1,00000385297284 0,00196289531092245 0,001 1,22348386074497E-13 349,243460764867 169,201419669073  
0,440793976728268 2,00404902745825 0,100877281477608 1,25474390394953E-6 25,2299705886913 336,576150307698 54,4741488460894  
0,4435318275154 1,00000386524839 0,00196601969946636 0,001 1,25129031212554E-13 349,734608125854 169,694401475669  
0,4435318275154 2,00405716108562 0,100875368481777 1,25534214682752E-6 25,2539848483654 336,555561746683 54,8186413957594  
0,446269678302532 1,0000038769744 0,00196899958770467 0,001 1,22348386074497E-13 350,225749575302 170,187389190834  
0,446269678302532 2,00406515815026 0,100873417885827 1,255902951563E-6 25,2767726564816 336,53615062132 55,1631770469214  
0,449007529089665 1,00000388814745 0,00197183476342556 0,001 1,27909676350611E-13 350,716885384782 170,680382543133  
0,449007529089665 2,00407302064714 0,100871430636595 1,25642735356288E-6 25,2983436882304 336,517907737957 55,5077554172054  
0,451745379876797 1,00000389876427 0,00197452502475042 0,001 1,36251611764781E-13 351,20801582752 171,173381259479  
0,451745379876797 2,00408075053716 0,100869407664436 1,25691637049229E-6 25,3187076817736 336,500823833586 55,8523761288171  
0,454483230663929 1,00000390882177 0,00197707018014556 0,001 1,33470966626724E-13 351,69914117829 171,666385065234  
0,454483230663929 2,00408834974767 0,100867349883497 1,25737100250555E-6 25,3378744387688 336,484889575425 56,1970388084742  
0,457221081451061 1,00000391831702 0,00197947004843156 0,001 1,41812902040894E-13 352,190261713352 172,159393684277  
0,457221081451061 2,00409582017301 0,100865258192005 1,25779223247471E-6 25,3558538248419 336,47009556055 56,5417430873413  
0,459958932238193 1,00000392724725 0,00198172445879176 0,001 1,39032256902838E-13 352,681377710374 172,652406839081  
0,459958932238193 2,00410316367507 0,100863133472528 1,25818102621559E-6 25,3726557700067 336,456432315579 56,8864886009726  
0,462696783025325 1,00000393560985 0,00198383325078097 0,001 1,39032256902838E-13 353,172489448334 173,145424250808  
0,462696783025325 2,0041103820838 0,100860976592253 1,2585383327113E-6 25,3882902690305 336,4438902964 57,2312749892493  
0,465434633812457 1,00000394340239 0,00198579627433357 0,001 1,34861289195752E-13 353,663597207449 173,638445639379  
0,465434633812457 2,00411747719774 0,10085878840325 1,25886508433313E-6 25,4027673817472 336,432459887963 57,5761018963225  
0,468172484599589 1,00000395062259 0,0019876133897716 0,001 1,37641934333809E-13 354,154701269097 174,131470723561  
0,468172484599589 2,00412445078452 0,100856569742733 1,25916219705878E-6 25,416097233316 336,422131404108 57,9209689705541  
0,470910335386721 1,00000395726835 0,00198928446781004 0,001 1,39032256902837E-13 354,645801915731 174,62449922104  
0,470910335386721 2,00413130458141 0,100854321433321 1,25943057068793E-6 25,4282900144268 336,412895087458 58,2658758644611  
0,473648186173854 1,00000396333773 0,00199080938956578 0,001 1,41812902040894E-13 355,136899430793 175,117530848518  
0,473648186173854 2,0041380402958 0,100852044283294 1,25967108905506E-6 25,4393559814515 336,404741109357 58,6108222346602  
0,476386036960986 1,00000396882896 0,00199218804656097 0,001 1,37641934333809E-13 355,627994098637 175,610565321784  
0,476386036960986 2,00414465960568 0,100849739086843 1,25988462023957E-6 25,4493054565421 336,397659569861 58,9558077418129  
0,479123887748118 1,00000397374044 0,00199342034073022 0,001 1,36251611764781E-13 356,119086204444 176,103602355799  
0,479123887748118 2,00415116416016 0,100847406624318 1,26007201677302E-6 25,4581488276739 336,39164049778 59,3008320505727  
0,48186173853525 1,00000397807074 0,00199450618442418 0,001 1,34861289195752E-13 356,610176034139 176,596641664782  
0,48186173853525 2,00415755557996 0,100845047662475 1,26023411584379E-6 25,4658965486357 336,386673850775 59,6458948295325  
0,484599589322382 1,0000039818186 0,00199544550041434 0,001 1,36946773049295E-13 357,101263874312 177,089682962287  
0,484599589322382 2,00416383545785 0,100842662954717 1,2603717394988E-6 25,4725591389657 336,382749515505 59,9909957511734  
0,487337440109514 1,00000398498292 0,00199623822189791 0,001 1,36251611764781E-13 357,592350012127 177,582725961295  
0,487337440109514 2,00417000535914 0,100840253241327 1,2604856948425E-6 25,4781471838339 336,379857307823 60,3361344918143  
0,490075290896646 1,00000398756277 0,00199688429249967 0,001 1,35556450480267E-13 358,083434735247 178,075770374288  
0,490075290896646 2,00417606682217 0,100837819249708 1,26057677423313E-6 25,4826713338707 336,377986973032 60,6813107315635  
0,492813141683778 1,00000398955742 0,00199738366627455 0,001 1,35556450480267E-13 358,574518331742 178,56881591334  
0,492813141683778 2,00418202135871 0,100835361694607 1,26064575547617E-6 25,4861423049421 336,377128186183 61,0265241542687  
0,49555099247091 1,00000399096628 0,00199773630771169 0,001 1,3520886983801E-13 359,065601090012 179,061862290195  
0,49555099247091 2,00418787045446 0,100832881278349 1,26069340201508E-6 25,4885708778717 336,377270552433 61,3717744474706  
0,498288843258042 1,00000399178893 0,00199794219173455 0,001 1,35382660159138E-13 359,5566832987 179,554909216355  
0,498288843258042 2,00419361556945 0,100830378691053 1,26072046311925E-6 25,4899678981092 336,378403607447 61,717061302356  
0,501026694045175 1,00000399202514 0,00199800130370311 0,001 1,35578174270408E-13 0,0477652466090561 180,047956403164  
0,501026694045175 2,00419925813853 0,100827854610856 1,26072767406928E-6 25,4903442753469 336,380516817857 62,0623844137132  
0,503764544832307 1,00000399167484 0,00199791363941415 0,001 1,35730240801395E-13 0,5388472226165 180,541003561889  
0,503764544832307 2,00420479957173 0,100825309704127 1,26071575633958E-6 25,4897109830827 336,383599581772 62,4077434798865  
0,506502395619439 1,00000399073813 0,0019976792051008 0,001 1,35904031122524E-13 1,02992951559321 181,034050403803  
0,506502395619439 2,00421024125473 0,100822744625683 1,26068541777825E-6 25,4880790581315 336,387641229332 62,7531382027313  
0,509240246406571 1,00000398921528 0,00199729801743371 0,001 1,36251611764781E-13 1,5210124143175 181,527096640275  
0,509240246406571 2,00421558454926 0,100820160018993 1,26063735278437E-6 25,4854596000849 336,39263102332 63,0985682875727  
0,511978097193703 1,00000398710674 0,0019967701035193 0,001 1,36251611764781E-13 2,01209620738965 182,020141982848  
0,511978097193703 2,00422083079349 0,100817556516389 1,26057224248266E-6 25,4818637707184 336,398558159821 63,4440334431625  
0,514715947980835 1,00000398441312 0,00199609550089875 0,001 1,35556450480267E-13 2,50318118315391 182,513186143323  
0,514715947980835 2,00422598130248 0,100814934739265 1,2604907548956E-6 25,477302793349 336,405411768929 63,7895333816385  
0,517453798767967 1,00000398113521 0,00199527425754522 0,001 1,34166127911238E-13 2,99426762960762 183,006228833847  
0,517453798767967 2,0042310373685 0,100812295298281 1,26039354511289E-6 25,4717879521409 336,413180915505 64,1350678184828  
0,520191649555099 1,00000397727396 0,00199430643186375 0,001 1,32080644057696E-13 3,4853558343236 183,499269766993  
0,520191649555099 2,00423600026149 0,100809638793552 1,26028125545857E-6 25,4653305913621 336,421854599988 64,4806364724826  
0,522929500342231 1,0000039728305 0,00199319209268547 0,001 1,33470966626724E-13 3,97644608435918 183,992308655847  
0,522929500342231 2,00424087122938 0,100806965814848 1,26015451565554E-6 25,4579421145908 336,431421759243 64,8262390656906  
0,525667351129363 1,00000396780612 0,00199193131926609 0,001 1,33470966626724E-13 4,46753866618332 184,485345214084  
0,525667351129363 2,0042456514985 0,100804276941779 1,26001394298769E-6 25,4496339838729 336,441871267467 65,1718753233885  
0,528405201916496 1,00000396220229 0,00199052420128108 0,001 1,34861289195752E-13 4,95863386558043 184,978379156064  
0,528405201916496 2,00425034227394 0,100801572743983 1,2598601424596E-6 25,4404177188314 336,453191937139 65,5175449740463  
0,531143052703628 1,00000395602064 0,00198897083882215 0,001 1,33470966626724E-13 5,44973196757815 185,471410196901  
0,531143052703628 2,0042549447399 0,100798853781309 1,25969370695396E-6 25,4303048957279 336,465372520015 65,8632477492883  
0,53388090349076 1,00000394926298 0,00198727134239172 0,001 1,33470966626724E-13 5,94083325636074 185,964438052554  
0,53388090349076 2,00425946006006 0,100796120604 1,25951521738656E-6 25,4193071464766 336,478401708174 66,2089833838546  
0,536618754277892 1,00000394193127 0,00198542583289775 0,001 1,32080644057696E-13 6,43193801518204 186,457462439913  
0,536618754277892 2,0042638893779 0,100793373752865 1,25932524285908E-6 25,4074361576124 336,492268135098 66,5547516155681  
0,539356605065024 1,00000393402766 0,00198343444164671 0,001 1,30690321488667E-13 6,92304652629715 186,950483076862  
0,539356605065024 2,00426823381708 0,10079061375946 1,25912434080962E-6 25,3947036692132 336,50696037681 66,9005521852974  
0,542094455852156 1,00000392555444 0,00198129731033762 0,001 1,30690321488667E-13 7,41415907085727 187,443499682394  
0,542094455852156 2,00427249448174 0,100787841146252 1,25891305716102E-6 25,381121473777 336,522466953048 67,2463848369234  
0,544832306639288 1,00000391651409 0,00197901459105591 0,001 1,36251611764781E-13 7,90527592884907 187,93651197666  
0,544832306639288 2,00427667245684 0,100785056426795 1,258691926467E-6 25,366701415055 336,538776328485 67,5922493173059  
0,54757015742642 1,00000390690924 0,00197658644626555 0,001 1,41812902040894E-13 8,39639737900546 188,42951968107  
0,54757015742642 2,00428076880851 0,100782260105892 1,25846147205628E-6 25,3514553868418 336,555876913988 67,93814537625  
0,550308008213552 1,0000038967427 0,00197401304879866 0,001 1,36251611764781E-13 8,88752369871655 188,92252251837  
0,550308008213552 2,00428478458431 0,100779452679757 1,2582222061745E-6 25,3353953317227 336,57375706792 68,2840727664756  
0,553045859000684 1,00000388601742 0,00197129458185109 0,001 1,36251611764781E-13 9,37865516396808 189,415520212716  
0,553045859000684 2,00428872081359 0,100776634636177 1,25797463012415E-6 25,3185332397796 336,592405097486 68,6300312435832  
0,555783709787817 1,00000387473655 0,00196843123896956 0,001 1,33470966626724E-13 9,86979204923886 189,908512489765  
0,555783709787817 2,00429257850779 0,100773806454671 1,25771923440257E-6 25,3008811472561 336,611809260113 68,976020566025  
0,558521560574949 1,00000386290337 0,00196542322404135 0,001 1,39032256902838E-13 10,3609346274347 190,401499076749  
0,558521560574949 2,00429635866071 0,100770968606642 1,25745649883792E-6 25,2824511351835 336,631957764874 69,3220404950724  
0,561259411362081 1,00000385052132 0,00196227075129005 0,001 1,47374192317008E-13 10,8520831698119 190,894479702547  
0,561259411362081 2,00430006224883 0,10076812155553 1,25718689272324E-6 25,2632553279677 336,652838773942 69,6680907947871  
0,563997262149213 1,00000383759403 0,00195897404525698 0,001 1,50154837455065E-13 11,343237945878 191,387454097788  
0,563997262149213 2,00430369023158 0,100765265756964 1,25691087494868E-6 25,2433058919383 336,674440404092 70,0141712319918  
0,566735112936345 1,00000382412527 0,00195553334079626 0,001 1,52935482593121E-13 11,8343992233394 191,880421994899  
0,566735112936345 2,00430724355166 0,100762401658906 1,25662889413187E-6 25,2226150338613 336,696750728229 70,3602815762412  
0,569472963723477 1,00000381011895 0,00195194888305727 0,001 1,47374192317008E-13 12,3255672680042 192,373383128206  
0,569472963723477 2,00431072313527 0,100759529701798 1,25634138874652E-6 25,2011949994165 336,719757776953 70,7064215997929  
0,572210814510609 1,00000379557918 0,00194822092747755 0,001 1,47374192317008E-13 12,8167423437167 192,866337233997  
0,572210814510609 2,0043141298924 0,100756650318704 1,25604878724918E-6 25,1790580716401 336,743449540162 71,0525910775806  
0,574948665297741 1,0000037805102 0,00194434973976755 0,001 1,47374192317008E-13 13,3079247122801 193,359284050599  
0,574948665297741 2,00431746471712 0,100753763935449 1,25575150820445E-6 25,1562165693336 336,767813968683 71,3987897871851  
0,577686516084873 1,00000376491639 0,00194033559589445 0,001 1,52935482593121E-13 13,7991146333493 193,852223318489  
0,577686516084873 2,00432072848781 0,100750870970759 1,2554499604083E-6 25,1326828454417 336,792838975935 71,7450175088102  
0,580424366872006 1,00000374880232 0,00193617878207361 0,001 1,52935482593121E-13 14,2903123644154 194,345154780305  
0,580424366872006 2,00432392206742 0,100747971836393 1,25514454300992E-6 25,1084692853979 336,818512439622 72,0912740252541  
0,583162217659138 1,00000373217269 0,00193187959474811 0,001 1,52935482593121E-13 14,7815181606707 194,838078180981  
0,583162217659138 2,00432704630374 0,100745066937279 1,25483564563191E-6 25,0835883054412 336,84482220346 72,4375591218837  
0,58590006844627 1,00000371503235 0,00192743834057869 0,001 1,44593547178951E-13 15,2727322749625 195,330993267798  
0,58590006844627 2,00433010202965 0,100742156671643 1,25452364848883E-6 25,0580523509035 336,871756078923 72,7838725866099  
0,588637919233402 1,00000369738631 0,00192285533642459 0,001 1,55716127731178E-13 15,7639549577375 195,823899790434  
0,588637919233402 2,00433309006334 0,100739241431137 1,2542089225043E-6 25,0318738944704 336,899301847023 73,1302142098629  
0,591375770020534 1,00000367923972 0,00191813090932838 0,001 1,50154837455065E-13 16,2551864569273 196,316797501083  
0,591375770020534 2,00433601120854 0,100736321600971 1,25389182942658E-6 25,005065434415 336,927447260112 73,4765837845665  
0,594113620807666 1,00000366059787 0,001913265396499 0,001 1,50154837455065E-13 16,7464270178904 196,809686154508  
0,594113620807666 2,00433886625481 0,100733397560029 1,25357272194268E-6 24,9776394928081 336,956180043708 73,8229811061153  
0,596851471594798 1,00000364146622 0,00190825914529396 0,001 1,50154837455065E-13 17,2376768833654 197,302565508093  
0,596851471594798 2,00434165597769 0,100730469680999 1,25325194379098E-6 24,9496086137034 336,985487898347 74,1694059723501  
0,59958932238193 1,00000362185035 0,00190311251320221 0,001 1,50154837455065E-13 17,7289362933687 197,795435321941  
0,59958932238193 2,00434438113897 0,100727538330488 1,25292982987253E-6 24,9209853613019 337,015358501452 74,5158581835353  
0,602327173169062 1,00000360175599 0,00189782586782307 0,001 1,50154837455065E-13 18,2202054851252 198,288295358947  
0,602327173169062 2,00434704248694 0,100724603869144 1,25260670636094E-6 24,8917823180944 337,045779509224 74,8623375423362  
0,605065023956194 1,00000358118901 0,00189239958685136 0,001 1,44593547178951E-13 18,7114846930339 198,781145384829  
0,605065023956194 2,0043496407565 0,100721666651773 1,25228289081089E-6 24,8620120829855 337,076738558556 75,2088438537954  
0,607802874743326 1,00000356015543 0,00188683405805314 0,001 1,39032256902838E-13 19,2027741485596 199,273985168238  
0,607802874743326 2,00435217666951 0,100718727027447 1,25195869226542E-6 24,8316872693979 337,108223268956 75,5553769253132  
0,610540725530459 1,00000353866138 0,00188112967924807 0,001 1,50154837455065E-13 19,6940740801673 199,766814480824  
0,610540725530459 2,00435465093486 0,100715785339626 1,25163441136185E-6 24,8008205033621 337,140221244492 75,9019365666233  
0,613278576317591 1,00000351671316 0,00187528685828631 0,001 1,44593547178951E-13 20,1853847133065 200,259633097249  
0,613278576317591 2,00435706424877 0,100712841926263 1,25131034043645E-6 24,7694244215882 337,172720075754 76,2485225897737  
0,616016427104723 1,00000349431717 0,00186930601302975 0,001 1,39032256902838E-13 20,6767062702636 200,75244079534  
0,616016427104723 2,00435941729496 0,100709897119915 1,25098676362797E-6 24,7375116695262 337,205707341821 76,5951348091049  
0,618754277891855 1,00000347147997 0,00186318757132589 0,001 1,39032256902838E-13 21,1680389701494 201,245237356094  
0,618754277891855 2,00436171074482 0,100706951247848 1,25066395697985E-6 24,7050948994117 337,23917061225 76,9417730412293  
0,621492128678987 1,00000344820823 0,00185693197098947 0,001 1,22348386074497E-13 21,6593830288468 201,738022563736  
0,621492128678987 2,00436394525764 0,100704004632149 1,25034218854133E-6 24,6721867683014 337,273097449069 77,2884371050114  
0,624229979466119 1,00000342450875 0,00185053965977579 0,001 1,22348386074497E-13 22,1507386589114 202,230796205819  
0,624229979466119 2,00436612148075 0,100701057589821 1,25002171846739E-6 24,638799936099 337,307475408778 77,6351268215488  
0,626967830253251 1,00000340038847 0,00184401109535764 0,001 1,22348386074497E-13 22,6421060695086 202,72355807328  
0,626967830253251 2,00436824004974 0,100698110432893 1,24970279911754E-6 24,6049470635719 337,342292044365 77,9818420141514  
0,629705681040383 1,00000337585445 0,00183734674530051 0,001 1,22348386074497E-13 23,1334854663894 203,216307960471  
0,629705681040383 2,00437030158865 0,100695163468518 1,24938567515353E-6 24,5706408103619 337,377534907321 78,3285825083233  
0,632443531827515 1,00000335091386 0,00183054708703745 0,001 1,39032256902838E-13 23,624877051787 203,709045665261  
0,632443531827515 2,0043723067101 0,100692216999069 1,24907058363596E-6 24,5358938329899 337,413191549666 78,6753481317441  
0,635181382614648 1,00000332557399 0,00182361260784367 0,001 1,33470966626724E-13 24,116281024383 204,201770989067  
0,635181382614648 2,00437425601549 0,100689271322242 1,24875775411985E-6 24,5007187828565 337,449249525972 79,0221387142499  
0,63791923340178 1,00000329984227 0,00181654380481017 0,001 1,50154837455065E-13 24,6076975792542 204,69448373691  
0,63791923340178 2,00437615009516 0,10068632673115 1,24844740874913E-6 24,4651283042404 337,485696395397 79,3689540878161  
0,640657084188912 1,00000327372623 0,00180934118481293 0,001 1,39032256902838E-13 25,0991269077626 205,187183717523  
0,640657084188912 2,00437798952858 0,100683383514416 1,24813976235018E-6 24,4291350322951 337,522519723707 79,7157940865391  
0,643394934976044 1,00000324723351 0,00180200526449106 0,001 1,44593547178951E-13 25,5905691975902 205,679870743319  
0,643394934976044 2,00437977488447 0,100680441956267 1,24783502252424E-6 24,3927515910462 337,559707085313 80,0626585466191  
0,646132785763176 1,00000322037186 0,00179453657021326 0,001 1,39032256902838E-13 26,0820246325943 206,172544630531  
0,646132785763176 2,00438150672099 0,100677502336626 1,24753338973898E-6 24,3559905913899 337,597246065291 80,4095473063435  
0,648870636550308 1,00000319314916 0,00178693563805256 0,001 1,39032256902838E-13 26,5734933928166 206,665205199208  
0,648870636550308 2,00438318558587 0,100674564931204 1,24723505741902E-6 24,3188646290951 337,635124261408 80,7564602060693  
0,65160848733744 1,00000316557337 0,00177920301375282 0,001 1,66838708283405E-13 27,0649756543702 207,157852273325  
0,65160848733744 2,00438481201659 0,100671630011586 1,2469402120355E-6 24,2813862828095 337,673329286142 81,1033970882068  
0,654346338124572 1,00000313765258 0,00177133925270109 0,001 1,72399998559519E-13 27,556471589466 207,650485680756  
0,654346338124572 2,00438638654051 0,10066869784532 1,24664903319473E-6 24,2435681120717 337,71184876869 81,4503577972043  
0,657084188911704 1,00000310939496 0,00176334491989416 0,001 1,77961288835632E-13 28,0479813662616 208,143105253427  
0,657084188911704 2,00438790967502 0,100665768696003 1,24636169372594E-6 24,2054226553305 337,750670356977 81,7973421795305  
0,659822039698836 1,0000030808088 0,00175522058991074 0,001 1,72399998559519E-13 28,539505148921 208,635710827258  
0,659822039698836 2,00438938192769 0,100662842823366 1,24607835976808E-6 24,1669624279729 337,789781719647 82,1443500836611  
0,662559890485969 1,00000305190247 0,00174696684687492 0,001 1,83522579111746E-13 29,0310430974823 209,128302242289  
0,662559890485969 2,00439080379638 0,10065992048336 1,24579919085578E-6 24,1281999203618 337,82917054805 82,4913813600617  
0,665297741273101 1,00000302268444 0,0017385842844239 0,001 1,94645159663973E-13 29,5225953678314 209,620879342712  
0,665297741273101 2,00439217576942 0,100657001928235 1,24552434000437E-6 24,0891475958852 337,868824558217 82,8384358611738  
0,668035592060233 1,00000299316328 0,0017300735056763 0,001 1,89083869387859E-13 30,0141621116926 210,113441976877  
0,668035592060233 2,0043934983257 0,100654087406622 1,24525395379409E-6 24,049817889018 337,908731492814 83,1855134413996  
0,670773442847365 1,00000296334766 0,00172143512319549 0,001 1,97425804802029E-13 30,5057434765274 210,605989997398  
0,670773442847365 2,00439477193485 0,100651177163617 1,2449881724534E-6 24,0102232033979 337,948879123097 83,5326139570872  
0,673511293634497 1,0000029332463 0,0017126697589549 0,001 1,91864514525916E-13 30,9973396055099 211,098523261172  
0,673511293634497 2,00439599705732 0,100648271440854 1,24472712994147E-6 23,9703759099159 337,989255250834 83,8797372665177  
0,676249144421629 1,00000290286804 0,00170377804430311 0,001 1,91864514525916E-13 31,4889506375185 211,591041629388  
0,676249144421629 2,00439717414453 0,100645370476588 1,24447095402986E-6 23,9302883448241 338,029847710225 84,2268832298893  
0,678986995208761 1,0000028722218 0,00169476061992652 0,001 1,80741933973689E-13 31,9805767070427 212,083544967624  
0,678986995208761 2,00439830363898 0,10064247450577 1,24421976638327E-6 23,889972807861 338,070644369792 84,5740517093055  
0,681724845995893 1,00000284131656 0,00168561813581199 0,001 1,83522579111746E-13 32,4722179441721 212,576033145856  
0,681724845995893 2,00439938597439 0,100639583760121 1,24397368263963E-6 23,8494415603955 338,111633134256 84,9212425687608  
0,684462696783025 1,0000028101614 0,0016763512512096 0,001 1,80741933973689E-13 32,963874474551 213,068506038501  
0,684462696783025 2,0044004215758 0,100636698468211 1,24373281248925E-6 23,8087068235912 338,152801946396 85,2684556741279  
0,687200547570157 1,00000277876547 0,00166696063459259 0,001 1,83522579111746E-13 33,4555464193404 213,560963524458  
0,687200547570157 2,00440141085968 0,100633818855528 1,24349725975324E-6 23,7677807765929 338,194138788877 85,6156908931431  
0,68993839835729 1,00000274713797 0,00165744696362054 0,001 1,83522579111746E-13 33,9472338951881 214,053405487138  
0,68993839835729 2,00440235423406 0,100630945144553 1,2432671224611E-6 23,726675554734 338,235631686067 85,9629480953965  
0,692676249144422 1,00000271528821 0,00164781092509645 0,001 1,89083869387859E-13 34,4389370141808 214,545831814508  
0,692676249144422 2,00440325209864 0,100628077554832 1,24304249292756E-6 23,6854032477697 338,277268705816 86,310227152318  
0,695414099931554 1,00000268322553 0,00163805321492733 0,001 1,86303224249802E-13 34,930655883818 215,038242399124  
0,695414099931554 2,00440410484486 0,100625216303047 1,24282345782858E-6 23,6439758981328 338,319037961224 86,6575279371645  
0,698151950718686 1,00000265095935 0,00162817453808343 0,001 2,00206449940086E-13 35,4223906069715 215,530637138164  
0,698151950718686 2,00440491285605 0,100622361603083 1,24261009827666E-6 23,6024054992176 338,360927612374 87,0048503250095  
0,700889801505818 1,00000261849915 0,0016181756085548 0,001 1,97425804802029E-13 35,9141412818848 216,023015933433  
0,700889801505818 2,0044056765075 0,100619513666102 1,24240248989529E-6 23,5607039936888 338,402925868037 87,3521941927304  
0,70362765229295 1,00000258585447 0,0016080571493081 0,001 2,00206449940086E-13 36,4059080020801 216,515378691455  
0,70362765229295 2,0044063961666 0,100616672700605 1,24220070289273E-6 23,5188832718197 338,445020987357 87,6995594189973  
0,706365503080082 1,00000255303492 0,00159781989224369 0,001 2,00206449940086E-13 36,8976908563835 217,007725323448  
0,706365503080082 2,00440707219289 0,100613838912504 1,24200480213488E-6 23,4769551698589 338,487201281498 88,0469458842615  
0,709103353867214 1,00000252005013 0,00158746457815204 0,001 2,11329030492313E-13 37,3894899289102 217,500055745338  
0,709103353867214 2,00440770493818 0,100611012505186 1,2418148472176E-6 23,4349314684267 338,529455115263 88,394353470745  
0,711841204654346 1,00000248690981 0,00157699195666627 0,001 2,11329030492313E-13 37,8813052989699 217,992369877855  
0,711841204654346 2,00440829474663 0,100608193679581 1,24163089253806E-6 23,3928238909433 338,571770908687 88,7417820624294  
0,714579055441479 1,0000024536237 0,00156640278621759 0,001 2,19670965906483E-13 38,3731370410954 218,484667646502  
0,714579055441479 2,00440884195487 0,100605382634222 1,2414529873655E-6 23,3506441020873 338,614137138589 89,0892315450455  
0,717316906228611 1,0000024202016 0,00155569783398927 0,001 2,09938707923285E-13 38,8649852250198 218,97694898158  
0,717316906228611 2,00440934689206 0,100602579565313 1,24128117591114E-6 23,3084037062885 338,656542340099 89,4367018060631  
0,720054757015743 1,00000238665334 0,0015448778758689 0,001 2,1410967563037E-13 39,3568499156532 219,469213818211  
0,720054757015743 2,00440980987998 0,100599784666791 1,24111549739739E-6 23,266114246253 338,698975108148 89,7841927346812  
0,722792607802875 1,00000235298879 0,00153394369639804 0,001 2,09938707923285E-13 39,8487311729941 219,961462096426  
0,722792607802875 2,00441023123313 0,10059699813039 1,24095598612628E-6 23,2237872015234 338,74142409892 90,1317042218167  
0,725530458590007 1,00000231921787 0,00152289608872697 0,001 2,08548385354256E-13 40,340629052229 220,453693761066  
0,725530458590007 2,00441061125879 0,100594220145698 1,24080267154719E-6 23,1814339870734 338,783878031278 90,4792361600959  
0,728268309377139 1,00000228535051 0,00151173585456332 0,001 2,08548385354256E-13 40,8325436036457 220,945908761866  
0,728268309377139 2,00441095025712 0,100591450900224 1,24065557832379E-6 23,1390659519386 338,826325688141 90,8267884438457  
0,731006160164271 1,00000225139669 0,00150046380412007 0,001 2,07158062785228E-13 41,3244748725776 221,438107053516  
0,731006160164271 2,00441124852122 0,100588690579454 1,24051472640022E-6 23,0966943778843 338,868755917837 91,1743609690832  
0,733744010951403 1,00000221736641 0,00148908075606789 0,001 2,0924354663877E-13 41,8164228995003 221,93028859556  
0,733744010951403 2,00441150633725 0,100585939366913 1,24038013106661E-6 23,0543304781095 338,911157635408 91,5219536335069  
0,736481861738535 1,00000218326969 0,0014775875374797 0,001 2,07853224069742E-13 42,3083877199065 222,422453352522  
0,736481861738535 2,00441172398443 0,100583197444222 1,24025180302373E-6 23,0119853959893 338,953519823885 91,8695663364892  
0,739219712525667 1,00000214911659 0,00146598498378056 0,001 2,09938707923284E-13 42,8003693643725 222,914601293839  
0,739219712525667 2,00441190173516 0,10058046499116 1,24012974844701E-6 22,969670203856 338,995831535519 92,2171989790655  
0,741957563312799 1,00000211491716 0,00145427393869322 0,001 2,10633869207799E-13 43,2923678585128 223,406732393911  
0,741957563312799 2,00441203985512 0,100577742185717 1,24001396904975E-6 22,9273959018189 339,038081892976 92,5648514639279  
0,744695414099932 1,00000208068148 0,00144245525418319 0,001 2,10286288565542E-13 43,7843832229497 223,898846632123  
0,744695414099932 2,00441213860326 0,100575029204154 1,23990446214556E-6 22,8851734166234 339,080260090487 92,9125236954155  
0,747433264887064 1,00000204641966 0,00143052979040563 0,001 2,10981449850056E-13 44,2764154733739 224,390943992793  
0,747433264887064 2,00441219823194 0,100572326221062 1,23980122071012E-6 22,8430136005508 339,122355394967 93,2602155795082  
0,750171115674196 1,0000020121418 0,00141849841564778 0,001 2,10894554689491E-13 44,7684646204688 224,883024465242  
0,750171115674196 2,00441221898693 0,100569633409412 1,23970423344214E-6 22,8009272303577 339,164357147081 93,6079270238178  
0,752908966461328 1,000001977858 0,00140636200627285 0,001 2,10633869207799E-13 45,2605306699163 225,375088043789  
0,752908966461328 2,00441220110755 0,100566950940615 1,23961348482356E-6 22,7589250062574 339,206254762284 93,9556579375807  
0,75564681724846 1,00000194357838 0,00139412144666507 0,001 2,10807659528927E-13 45,7526136224943 225,867134727657  
0,75564681724846 2,00441214482665 0,100564278984577 1,23952895517903E-6 22,7170175509419 339,248037731801 94,3034082316502  
0,758384668035592 1,00000190931306 0,00138177762916762 0,001 2,09938707923285E-13 46,244713473906 226,35916452114  
0,758384668035592 2,00441205037073 0,100561617709752 1,23945062073461E-6 22,6752154086455 339,289695623582 94,6511778184902  
0,761122518822724 1,00000187507214 0,00136933145402738 0,001 2,11329030492313E-13 46,7368302149284 226,851177433455  
0,761122518822724 2,00441191795997 0,100558967283196 1,23937845367567E-6 22,6335290442512 339,331218083207 94,998966612168  
0,763860369609856 1,00000184086574 0,00135678382933197 0,001 2,09938707923284E-13 47,2289638312668 227,343173478889  
0,763860369609856 2,00441174780829 0,100556327870622 1,23931242220416E-6 22,5919688424383 339,372594834745 95,3467745283473  
0,766598220396988 1,00000180670396 0,00134413567095398 0,001 2,09938707923285E-13 47,7211143037689 227,835152676585  
0,766598220396988 2,00441154012342 0,100553699636451 1,23925249059492E-6 22,5505451068734 339,413815681578 95,6946014842822  
0,76933607118412 1,00000177259688 0,00133138790248525 0,001 2,11329030492313E-13 48,2132816082108 228,327115050752  
0,76933607118412 2,00441129510691 0,100551082743867 1,2391986192514E-6 22,509268059444 339,45487050718 96,0424473988106  
0,772073921971253 1,00000173855459 0,00131854145517712 0,001 2,11329030492313E-13 48,7054657154081 228,819060630561  
0,772073921971253 2,00441101295424 0,100548477354867 1,23915076476049E-6 22,4681478395345 339,495749275844 96,3903121923481  
0,774811772758385 1,00000170458713 0,0013055972678784 0,001 2,11329030492313E-13 49,1976665912408 229,310989450113  
0,774811772758385 2,00441069385482 0,100545883630317 1,23910887994666E-6 22,4271945033464 339,53644203338 96,7381957868825  
0,777549623545517 1,00000167070454 0,00129255628697013 0,001 2,12719353061341E-13 49,6898841966041 229,802901548493  
0,777549623545517 2,00441033799206 0,100543301729996 1,23907291392524E-6 22,3864180232602 339,576938907762 97,0860981059673  
0,780287474332649 1,00000163691684 0,00127941946630301 0,001 2,18280643337455E-13 50,1821184874605 230,294796969716  
0,780287474332649 2,00440994554342 0,100540731812654 1,23904281215499E-6 22,3458282872425 339,617230109724 97,434019074718  
0,783025325119781 1,00000160323403 0,00126618776713164 0,001 2,16890320768426E-13 50,6743694148404 230,786675762726  
0,783025325119781 2,00440951668044 0,100538174036062 1,23901851648983E-6 22,3054350982948 339,657305933331 97,7819586198047  
0,785763175906913 1,00000156966604 0,00125286215804862 0,001 2,16890320768426E-13 51,1666369248508 231,278537981389  
0,785763175906913 2,00440905156881 0,100535628557058 1,23899996522986E-6 22,2652481739466 339,697156756488 98,1299166694481  
0,788501026694045 1,00000153622283 0,00123944361491854 0,001 2,11329030492313E-13 51,6589209586798 231,770383684487  
0,788501026694045 2,00440855036835 0,1005330955316 1,23898709317148E-6 22,2252771457916 339,736773041415 98,4778931534152  
0,791238877481177 1,00000150291427 0,00122593312081067 0,001 2,1410967563037E-13 52,1512214526417 232,262212935672  
0,791238877481177 2,00440801323312 0,100530575114818 1,23897983165681E-6 22,1855315590678 339,776145335076 98,8258880030138  
0,793976728268309 1,00000146975022 0,0012123316659303 0,001 2,08548385354256E-13 52,6435383381614 232,754025803485  
0,793976728268309 2,00440744031144 0,100528067461058 1,23897810862227E-6 22,1460208722802 339,815264269568 99,1739011510881  
0,796714579055442 1,0000014367405 0,00119864024755117 0,001 2,02987095078143E-13 53,1358715418533 233,245822361274  
0,796714579055442 2,0044068317459 0,100525572723937 1,23898184864639E-6 22,1067544568669 339,854120562457 99,5219325320151  
0,799452429842574 1,00000140389488 0,00118485986994471 0,001 1,97425804802029E-13 53,6282209854508 233,737602687266  
0,799452429842574 2,0044061876734 0,100523091056386 1,23899097299675E-6 22,067741596909 339,892705017083 99,8699820817001  
0,802190280629706 1,00000137122307 0,00117099154430951 0,001 1,97425804802029E-13 54,1205865858609 234,229366864512  
0,802190280629706 2,00440550822522 0,100520622610705 1,23900539967617E-6 22,0289914888822 339,931008522812 100,218049737573  
0,804928131416838 1,00000133873476 0,001157036288702 0,001 1,91864514525916E-13 54,6129682552555 234,721114980796  
0,804928131416838 2,00440479352701 0,100518167538607 1,23902504346808E-6 21,9905132414529 339,969022055249 100,566135438585  
0,80766598220397 1,00000130643956 0,00114299512796302 0,001 1,89083869387859E-13 55,1053659010232 235,212847128681  
0,80766598220397 2,00440404369885 0,100515725991266 1,2390498159811E-6 21,9523158753149 340,006736676413 100,914239125205  
0,810403832991102 1,00000127434705 0,00112886909364634 0,001 1,91864514525916E-13 55,5977794258244 235,704563405459  
0,810403832991102 2,00440325885525 0,100513298119368 1,23907962569268E-6 21,9144083230704 340,044143534854 101,262360739415  
0,813141683778234 1,00000124246672 0,0011146592239439 0,001 1,91864514525916E-13 56,0902087275799 236,196263913156  
0,813141683778234 2,00440243910521 0,100510884073158 1,23911437799211E-6 21,876799429152 340,08123386575 101,610500224712  
0,815879534565366 1,00000121080803 0,00110036656361327 0,001 2,00206449940086E-13 56,5826536995603 236,687948758449  
0,815879534565366 2,00440158455223 0,100508484002486 1,23915397522253E-6 21,8394979497868 340,11799899094 101,958657526097  
0,818617385352498 1,00000117938036 0,00108599216390245 0,001 1,89083869387859E-13 57,0751142303768 237,17961805267  
0,818617385352498 2,00440069529432 0,100506098056854 1,23919831672223E-6 21,8025125530021 340,15443031893 102,306832590081  
0,82135523613963 1,00000114819303 0,00107153708247369 0,001 1,9742580480203E-13 57,5675902040216 237,671271911769  
0,82135523613963 2,00439977142407 0,100503726385467 1,23924729886502E-6 21,7658518186727 340,190519344852 102,655025364678  
0,824093086926762 1,00000111725528 0,00105700238332768 0,001 1,89083869387859E-13 58,0600814998938 238,162910456284  
0,824093086926762 2,00439881302861 0,100501369137277 1,23930081509988E-6 21,729524238609 340,226257650381 103,003235799404  
0,826830937713895 1,00000108657629 0,00104238913672733 0,001 1,89083869387859E-13 58,552587992866 238,654533811282  
0,826830937713895 2,00439782018967 0,100499026461032 1,23935875598966E-6 21,6935382166852 340,261636903614 103,351463845273  
0,829568788501027 1,00000105616515 0,00102769841911914 0,001 2,02987095078143E-13 59,0451095533222 239,146142106312  
0,829568788501027 2,00439679298361 0,10049669850532 1,23942100924901E-6 21,6579020690084 340,296648858906 103,6997094548  
0,832306639288159 1,00000102603089 0,00101293131305402 0,001 2,02987095078143E-13 59,5376460470658 239,637735475504  
0,832306639288159 2,00439573148139 0,10049438541862 1,23948745978144E-6 21,6226240241275 340,331285356667 104,047972581996  
0,835044490075291 1,00000099618245 0,000998088907110819 0,001 2,08548385354257E-13 60,0301973355786 240,129314057307  
0,835044490075291 2,00439463574864 0,100492087349346 1,23955798971553E-6 21,5877122232811 340,365538323121 104,396253182368  
0,837782340862423 1,00000096662869 0,000983172295813085 0,001 2,057677402162E-13 60,5227632758885 240,620877994619  
0,837782340862423 2,00439350584563 0,100489804445894 1,2396324784403E-6 21,5531747206846 340,399399770021 104,744551212916  
0,840520191649555 1,00000093737838 0,000968182579551358 0,001 2,16890320768427E-13 61,0153437206855 241,112427434678  
0,840520191649555 2,00439234182731 0,10048753685669 1,23971080263973E-6 21,5190194838564 340,432861794331 105,092866632135  
0,843258042436687 1,0000009084402 0,000953120864500725 0,001 2,16890320768427E-13 61,507938518356 241,603962529022  
0,843258042436687 2,00439114374332 0,100485284730236 1,23979283632639E-6 21,4852543939815 340,465916577867 105,441199400014  
0,845995893223819 1,00000087982275 0,000937988262538689 0,001 2,057677402162E-13 62,0005475129808 242,095483433489  
0,845995893223819 2,004389911638 0,100483048215155 1,23987845087428E-6 21,4518872463131 340,498556386897 105,789549478035  
0,848733744010951 1,00000085153452 0,000922785891163447 0,001 2,057677402162E-13 62,4931705444381 242,586990308124  
0,848733744010951 2,00438864555038 0,100480827460243 1,23996751505072E-6 21,4189257506116 340,53077357171 106,137916829172  
0,851471594798084 1,00000082358391 0,000907514873409793 0,001 2,11329030492313E-13 62,9858074484817 243,078483317088  
0,851471594798084 2,00438734551421 0,100478622614507 1,24005989504749E-6 21,3863775316201 340,562560566143 106,486301417893  
0,854209445585216 1,00000079597924 0,00089217633776512 0,001 2,2245161104454E-13 63,4784580566307 243,569962628779  
0,854209445585216 2,00438601155797 0,10047643382722 1,24015545451097E-6 21,3542501295761 340,593909887074 106,83470321016  
0,856947296372348 1,0000007687287 0,000876771418085699 0,001 2,28012901320654E-13 63,9711221964192 244,061428415576  
0,856947296372348 2,00438464370486 0,100474261247964 1,24025405457153E-6 21,322551000759 340,624814133876 107,183122173427  
0,85968514715948 1,00000074184039 0,000861301253510651 0,001 2,2245161104454E-13 64,4637996913456 244,552880853892  
0,85968514715948 2,0043832419728 0,100472105026677 1,24035555387198E-6 21,2912875180728 340,655265987842 107,531558276646  
0,862422997946612 1,0000007153223 0,000845766988375858 0,001 2,16890320768427E-13 64,9564903608339 245,044320124213  
0,862422997946612 2,00438180637444 0,100469965313699 1,24045980859519E-6 21,2604669716636 340,685258211566 107,880011490264  
0,865160848733744 1,00000068918231 0,000830169772128484 0,001 2,33574191596767E-13 65,449194020514 245,535746410816  
0,865160848733744 2,00438033691718 0,100467842259823 1,24056667249081E-6 21,2300965695709 340,714783648299 108,228481786225  
0,867898699520876 1,00000066342821 0,000814510759238467 0,001 2,39135481872881E-13 65,9419104820401 246,027159901954  
0,867898699520876 2,00437883360315 0,100465736016335 1,24067599690112E-6 21,2001834384125 340,743835221266 108,576969137973  
0,870636550308008 1,00000063806763 0,00079879110911203 0,001 2,33574191596767E-13 66,4346395532945 246,518560789647  
0,870636550308008 2,00437729642918 0,10046364673507 1,24078763078602E-6 21,1707346241035 340,772405932946 108,925473520454  
0,87337440109514 1,00000061310813 0,000783011986001966 0,001 2,39135481872881E-13 66,9273810384759 247,009949269598  
0,87337440109514 2,00437572538688 0,100461574568451 1,24090142074712E-6 21,1417570926058 340,800488864331 109,273994910115  
0,876112251882272 1,00000058855714 0,000767174558919595 0,001 2,39135481872881E-13 67,4201347379597 247,501325541334  
0,876112251882272 2,00437412046253 0,100459519669542 1,24101721105097E-6 21,1132577307118 340,82807717414 109,622533284911  
0,878850102669405 1,00000056442195 0,000751280001544241 0,001 2,39135481872881E-13 67,9129004485385 247,992689807959  
0,878850102669405 2,00437248163716 0,100457482192093 1,2411348436514E-6 21,0852433468575 340,855164098007 109,971088624304  
0,881587953456537 1,00000054070974 0,000735329492133635 0,001 2,39135481872881E-13 68,4056779634484 248,484042276133  
0,881587953456537 2,0043708088865 0,10045546229059 1,24125415821097E-6 21,0577206719682 340,881742947644 110,319660909268  
0,884325804243669 1,00000051742758 0,000719324213433407 0,001 2,44696772148994E-13 68,8984670724125 248,97538315603  
0,884325804243669 2,00436910218099 0,100453460120299 1,24137499212158E-6 21,0306963603329 340,90780710996 110,668250122292  
0,887063655030801 1,00000049458239 0,000703265352584415 0,001 2,50258062425108E-13 69,3912675615986 249,466712661373  
0,887063655030801 2,00436736148575 0,100451475837318 1,24149718052413E-6 21,0041769905092 340,933350046161 111,016856247382  
0,889801505817933 1,00000047218097 0,000687154101032262 0,001 2,50258062425108E-13 69,8840792138579 249,958031009204  
0,889801505817933 2,00436558676059 0,100449509598626 1,24162055632737E-6 20,9781690662579 340,958365290818 111,365479270066  
0,892539356605065 1,00000045022999 0,00067099165443344 0,001 2,50258062425108E-13 70,376901808676 250,449338419927  
0,892539356605065 2,00436377795997 0,100447561562128 1,24174495022581E-6 20,9526790175047 340,982846450903 111,714119177397  
0,895277207392197 1,00000042873599 0,00065477921256383 0,001 2,44696772148994E-13 70,8697351223357 250,940635117147  
0,895277207392197 2,00436193503303 0,100445631886705 1,24187019071675E-6 20,9277132013311 341,0067872048 112,062775957962  
0,898015058179329 1,00000040770537 0,000638517979223734 0,001 2,33574191596767E-13 71,3625789279178 251,431921327669  
0,898015058179329 2,00436005792353 0,100443720732266 1,24199610411651E-6 20,9032779029924 341,030181301289 112,411449601877  
0,900752908966461 1,00000038714438 0,000622209162144285 0,001 2,33574191596767E-13 71,855432995204 251,923197281598  
0,900752908966461 2,00435814656986 0,100441828259793 1,24212251457563E-6 20,8793793369625 341,053022558496 112,760140100802  
0,903490759753593 1,00000036705916 0,00060585397289244 0,001 2,39135481872881E-13 72,3482970911869 252,414463211825  
0,903490759753593 2,004356200905 0,100439954631395 1,24224924409334E-6 20,8560236480049 341,075304862831 113,108847447941  
0,906228610540726 1,00000034745569 0,000589453626776821 0,001 2,39135481872881E-13 72,8411709796581 252,905719354439  
0,906228610540726 2,00435422085653 0,100438100010357 1,24237611253101E-6 20,8332169122699 341,09702216788 113,457571638049  
0,908966461327858 1,0000003283398 0,000573009342750917 0,001 2,55819352701222E-13 73,3340544215251 253,396965948415  
0,908966461327858 2,00435220634659 0,100436264561186 1,24250293762484E-6 20,8109651384166 341,118168493291 113,806312667435  
0,91170431211499 1,0000003097172 0,000556522343318048 0,001 2,50258062425108E-13 73,8269471748445 253,888203235575  
0,91170431211499 2,00435015729184 0,100434448449668 1,24262953499759E-6 20,7892742687595 341,13873792362 114,155070533972  
0,914442162902122 1,00000029159344 0,000539993854434411 0,001 2,50258062425108E-13 74,3198489949268 254,379431460485  
0,914442162902122 2,00434807360348 0,100432651842916 1,24275571816946E-6 20,7681501804399 341,158724607163 114,503845237103  
0,917180013689254 1,00000027397391 0,000523425105411221 0,001 2,64161288115392E-13 74,8127596343571 254,870650870439  
0,917180013689254 2,00434595518718 0,100430874909422 1,24288129856806E-6 20,7475986866198 341,178122754759 114,852636777846  
0,919917864476386 1,00000025686386 0,000506817328818351 0,001 2,64161288115392E-13 75,3056788430674 255,361861715379  
0,919917864476386 2,0043438019431 0,100429117819109 1,24300608553757E-6 20,7276255377 341,196926638569 115,201445158801  
0,922655715263518 1,0000002402684 0,000490171760385975 0,001 2,55819352701222E-13 75,798606368506 255,853064247731  
0,922655715263518 2,00434161376581 0,100427380743381 1,24312988634695E-6 20,7082364225595 341,215130590838 115,55027038416  
0,92539356605065 1,00000022419248 0,000473489638906459 0,001 2,64161288115392E-13 76,2915419555673 256,344258722474  
0,92539356605065 2,00433939054429 0,100425663855179 1,2432525061973E-6 20,6894369698181 341,232729002627 115,899112459711  
0,928131416837782 1,00000020864088 0,000456772206134741 0,001 2,61380642977335E-13 76,7844853466794 256,83544539705  
0,928131416837782 2,00433713216191 0,100423967329034 1,24337374822841E-6 20,6712327491196 341,249716322527 116,247971392851  
0,930869267624914 1,00000019361825 0,000440020706690676 0,001 2,66941933253448E-13 77,277436282007 257,326624531166  
0,930869267624914 2,00433483849636 0,100422291341119 1,24349341352432E-6 20,6536292724363 341,266087055355 116,596847192591  
0,933607118412047 1,00000017912906 0,000423236387958196 0,001 2,75283868667619E-13 77,7703944994451 257,817796386797  
0,933607118412047 2,00433250941966 0,100420636069301 1,24361130111812E-6 20,6366319953937 341,281835760824 116,945739869565  
0,936344969199179 1,00000016517764 0,000406420499986334 0,001 2,66941933253448E-13 78,2633597349424 258,308961227861  
0,936344969199179 2,00433014479808 0,100419001693201 1,24372720799584E-6 20,6202463186158 341,296957052196 117,29464943604  
0,939082819986311 1,00000015176815 0,000389574295387762 0,001 2,64161288115392E-13 78,7563317217682 258,800119320957  
0,939082819986311 2,00432774449214 0,100417388394245 1,24384092909949E-6 20,6044775890889 341,311445594911 117,643575905927  
0,941820670773443 1,00000013890458 0,000372699029239394 0,001 2,66941933253448E-13 79,2493101917929 259,291270934081  
0,941820670773443 2,00432530835655 0,100415796355722 1,24395225732922E-6 20,5893311015454 341,325296105205 117,99251929479  
0,944558521560575 1,00000012659077 0,000355795958980664 0,001 2,55819352701221E-13 79,742294874603 259,782416337511  
0,944558521560575 2,00432283624018 0,100414225762835 1,24406098354464E-6 20,5748120998653 341,338503348698 118,341479619854  
0,947296372347707 1,0000001148304 0,000338866344312947 0,001 2,55819352701221E-13 80,2352854979507 260,27355580336  
0,947296372347707 2,00432032798601 0,100412676802765 1,24416689656535E-6 20,560925778496 341,351062138976 118,690456900021  
0,950034223134839 1,00000010362698 0,000321911447097522 0,001 2,55819352701221E-13 80,7282817879453 260,764689605382  
0,950034223134839 2,00431778343111 0,100411149664724 1,24426978317049E-6 20,5476772838901 341,362967336142 119,039451155874  
0,952772073921971 1,00000009298385 0,000304932531253304 0,001 2,53038707563164E-13 81,221283468936 261,255818019091  
0,952772073921971 2,00431520240655 0,100409644540015 1,24436942809758E-6 20,5350717159598 341,374213845363 119,388462409698  
0,955509924709103 1,00000008290418 0,000287930862655314 0,001 2,53038707563164E-13 81,7142902635705 261,7469413217  
0,955509924709103 2,00431258473739 0,100408161622085 1,24446561404043E-6 20,5231141295482 341,384796615388 119,737490685483  
0,958247775496235 1,00000007339098 0,000270907709032264 0,001 2,50258062425108E-13 82,20730189313 262,238059791791  
0,958247775496235 2,00430993024264 0,100406701106592 1,24455812164633E-6 20,5118095359167 341,394710637059 120,086536008943  
0,960985626283368 1,0000000644471 0,000253864339863189 0,001 2,44696772148994E-13 82,700318077367 262,72917370947  
0,960985626283368 2,00430723873517 0,100405263191459 1,24464672951224E-6 20,5011629042487 341,403950941796 120,435598407524  
0,9637234770705 1,00000005607519 0,000236802026275113 0,001 2,41916127010937E-13 83,1933385345812 263,220283356298  
0,9637234770705 2,00430451002171 0,100403848076937 1,24473121418038E-6 20,4911791631682 341,41251260008 120,784677910421  
0,966461327857632 1,00000004827777 0,000219722040939921 0,001 2,46087094718023E-13 83,6863629818046 263,711389015103  
0,966461327857632 2,00430174390275 0,100402455965664 1,24481135013277E-6 20,4818632022737 341,420390719903 121,133774548591  
0,969199178644764 1,00000004105715 0,000202625657970663 0,001 2,53038707563164E-13 84,1793911351073 264,202490969672  
0,969199178644764 2,00429894017251 0,10040108706273 1,24488690978521E-6 20,4732198736863 341,427580445222 121,482888354767  
0,971937029431896 1,00000003441549 0,000185514152818041 0,001 2,47477417287051E-13 84,672422709485 264,693589504868  
0,971937029431896 2,0042960986189 0,100399741575736 1,24495766348023E-6 20,4652539936127 341,43407695438 121,832019363472  
0,974674880219028 1,00000002835478 0,000168388802166807 0,001 2,50258062425108E-13 85,1654574181635 265,184684907323  
0,974674880219028 2,00429321902342 0,100398419714859 1,24502337947943E-6 20,4579703439215 341,43987545853 122,181167611036  
0,97741273100616 1,00000002287682 0,000151250883831754 0,001 2,48867739856079E-13 85,6584949744583 265,675777463579  
0,97741273100616 2,00429030116115 0,100397121692915 1,24508382395492E-6 20,4513736737327 341,444971200032 122,530333135609  
0,980150581793292 1,00000001798325 0,000134101676653414 0,001 2,55819352701221E-13 86,1515350899472 266,166867461914  
0,980150581793292 2,00428734480064 0,100395847725424 1,24513876098005E-6 20,4454687010209 341,449359450842 122,879515977181  
0,982888432580424 1,00000001367553 0,0001169424603944 0,001 2,5720967527025E-13 86,6445774761281 266,657955190686  
0,982888432580424 2,00428434970391 0,100394598030678 1,24518795251935E-6 20,440260114231 341,453035510889 123,228716177597  
0,985626283367556 1,00000000995495 9,97745156344135E-5 0,001 2,59990320408306E-13 87,137621843433 267,14904093932  
0,985626283367556 2,00428131562632 0,100393372829801 1,24523115841773E-6 20,4357525739053 341,455994706439 123,577933780574  
0,988364134154689 1,00000000682261 8,25991236660279E-5 0,001 2,58599997839278E-13 87,6306679020864 267,640124997447  
0,988364134154689 2,00427824231656 0,100392172346822 1,24526813638891E-6 20,4319507143241 341,458232388444 123,927168831719  
0,991101984941821 1,00000000427945 6,54175663902326E-5 0,001 2,58599997839278E-13 88,1237153613976 268,131207655613  
0,991101984941821 2,00427512951654 0,100390996808742 1,24529864200317E-6 20,4288591451567 341,459743930878 124,276421378548  
0,993839835728953 1,00000000232624 4,82311262116286E-5 0,001 2,59295159123792E-13 88,6167639298529 268,622289205187  
0,993839835728953 2,00427197696135 0,100389846445598 1,24532242867431E-6 20,4264824531237 341,460524729071 124,625691470505  
0,996577686516085 1,00000000096354 3,10410859337489E-5 0,001 2,58599997839278E-13 89,1098133173293 269,113369936147  
0,996577686516085 2,00426878437919 0,10038872149054 1,24533924764596E-6 20,4248252036708 341,460570198018 124,974979158982  
0,999315537303217 1,00000000019178 1,38487286542256E-5 0,001 2,58773788160406E-13 89,6028632329735 269,604450139202  
0,999315537303217 2,00426555149129 0,100387622179892 1,24534884797719E-6 20,4238919426527 341,459875770688 125,324284497338  
1 1,0000000000912 9,55042768536856E-6 0,001 2,59034473642099E-13 89,7261257597973 269,727220142076  
1 2,00426473693821 0,100387351387173 1,24535009053108E-6 20,4237722815801 341,459586021437 125,411613596163  
